3
0
1
5
0
2
1
8
2
0
32
1
0
0
-1
6
7
21
11
26
5
0
1
1
0
49
0
11
24
1
15
7
1
0
4
4
1
9
0
0
0
4
1
0
-1
0
0
0
0
0
0
0
0
0
0
1
0
0
0
0
0
0
1
0
0
0
0
0
0
0
0
0
0
0
0
0
0
0
0
0
0
0
0
0
0
0
0
0
0
0
0
0
0
0
0
0
0
0
0
0
0
0
0
0
1
0
0
0
0
0
0
0
0
0
0
0
0
0
0
0
0
0
0
0
0
0
0
0
1
0
0
0
0
0
0
0
0
0
0
0
0
0
0
0
0
0
0
0
0
0
0
0
0
1
2
1
0
0
0
0
0
0
0
0
0
0
1
0
1
1
0
0
0
2
0
0
0
0
1
0
1
0
0
0
1
0
0
2
0
0
0
0
0
0
0
1
1
1
0
0
0
0
0
0
0
0
0
0
0
1
2
0
0
0
0
0
0
0
0
0
0
0
0
0
0
0
0
0
0
0
0
0
0
0
0
0
0
0
0
0
0
0
0
0
0
2
0
0
0
0
0
0
0
0
0
0
0
0
0
0
0
0
0
0
0
0
0
0
0
0
0
0
0
0
0
0
0
0
0
0
0
0
0
0
0
0
0
0
0
0
0
0
0
0
0
0
0
0
1
0
0
0
0
0
0
0
0
0
1
1
0
0
2
1
1
0
0
0
0
0
0
0
0
2
0
0
0
0
1
0
0
0
0
0
0
0
0
0
1
1
0
1
1
1
2
0
0
0
1
0
0
0
0
0
0
0
2
0
1
0
0
0
0
0
0
1
0
0
0
0
0
0
0
