3118
3150
3151
3151
3151
3150
3156
3163
3184
3195
3221
3226
3226
3227
3228
3228
3277
3277
3288
3312
3313
3328
3335
3336
3336
3340
3344
3345
3354
3354
3354
3354
3358
3359
3359
3358
3358
3358
3358
3358
3358
3358
3358
3358
3358
3358
3359
3359
3359
3359
3359
3359
3359
3360
3360
3360
3360
3360
3360
3360
3360
3360
3360
3360
3360
3360
3360
3360
3360
3360
3360
3360
3360
3360
3360
3360
3360
3360
3360
3360
3360
3360
3360
3360
3360
3360
3360
3360
3360
3360
3360
3360
3360
3360
3360
3361
3361
3361
3361
3361
3361
3361
3361
3361
3361
3361
3361
3361
3361
3361
3361
3361
3361
3361
3361
3361
3361
3361
3361
3362
3362
3362
3362
3362
3362
3362
3362
3362
3362
3362
3362
3362
3362
3362
3362
3362
3362
3362
3362
3362
3362
3362
3362
3362
3363
3365
3366
3366
3366
3366
3366
3366
3366
3366
3366
3366
3366
3367
3367
3368
3369
3369
3369
3369
3371
3371
3371
3371
3371
3372
3372
3373
3373
3373
3373
3374
3374
3374
3376
3376
3376
3376
3376
3376
3376
3376
3377
3378
3379
3379
3379
3379
3379
3379
3379
3379
3379
3379
3379
3379
3380
3382
3382
3382
3382
3382
3382
3382
3382
3382
3382
3382
3382
3382
3382
3382
3382
3382
3382
3382
3382
3382
3382
3382
3382
3382
3382
3382
3382
3382
3382
3382
3382
3382
3382
3382
3384
3384
3384
3384
3384
3384
3384
3384
3384
3384
3384
3384
3384
3384
3384
3384
3384
3384
3384
3384
3384
3384
3384
3384
3384
3384
3384
3384
3384
3384
3384
3384
3384
3384
3384
3384
3384
3384
3384
3384
3384
3384
3384
3384
3384
3384
3384
3384
3384
3384
3384
3384
3384
3385
3385
3385
3385
3385
3385
3385
3385
3385
3385
3386
3387
3387
3387
3389
3390
3391
3391
3391
3391
3391
3391
3391
3391
3391
3393
3393
3393
3393
3393
3394
3394
3394
3394
3394
3394
3394
3394
3394
3394
3395
3396
3396
3397
3398
3399
3401
3401
3401
3401
3402
3402
3402
3402
3402
3402
3402
3402
3404
3404
3405
3405
3405
3405
3405
3405
3405
3406
3406
3406
3406
3406
3406
3406
3406
3406
