0.0991
0.1026
0.1868
0.2389
0.2603
0.2559
0.2242
0.1934
0.1662
0.1814
0.1991
0.2601
0.2920
0.2762
0.2353
0.1762
0.0903
0.1413
0.1527
0.1725
0.2160
0.2284
0.2712
0.2062
0.1131
0.0073
-0.0833
-0.1418
-0.1886
-0.1946
-0.2356
-0.2787
-0.3764
-0.4508
-0.4884
-0.4848
-0.4319
-0.3116
-0.2965
-0.2411
-0.1795
-0.1646
-0.1283
-0.1202
-0.1215
-0.1143
-0.0937
-0.0700
-0.0489
-0.0217
-0.0181
-0.0121
-0.0035
0.0083
0.0115
0.0100
0.0068
0.0058
0.0041
0.0022
0.0000
-0.0022
-0.0041
-0.0058
-0.0068
-0.0072
-0.0067
-0.0051
-0.0060
-0.0065
-0.0066
-0.0060
-0.0048
-0.0028
-0.0000
0.0000
0.0000
-0.0000
0.0000
-0.0000
0.0000
0.0000
-0.0000
0.0000
0.0000
-0.0000
-0.0000
-0.0000
0.0000
0.0000
-0.0000
-0.0000
0.0000
0.0000
-0.0000
0.0000
0.0028
0.0048
0.0060
0.0066
0.0065
0.0060
0.0051
0.0039
0.0024
0.0008
-0.0008
-0.0024
-0.0039
-0.0051
-0.0060
-0.0065
-0.0066
-0.0060
-0.0048
-0.0028
0.0000
0.0000
0.0000
0.0000
0.0028
0.0048
0.0060
0.0066
0.0065
0.0060
0.0051
0.0039
0.0024
0.0008
-0.0008
-0.0024
-0.0039
-0.0051
-0.0060
-0.0065
-0.0066
-0.0060
-0.0048
-0.0028
-0.0000
0.0000
-0.0000
0.0000
-0.0000
0.0028
0.0104
0.0184
0.0234
0.0257
0.0257
0.0237
0.0201
0.0152
0.0095
0.0032
-0.0032
-0.0095
-0.0124
-0.0153
-0.0148
-0.0115
-0.0083
-0.0048
-0.0002
0.0116
0.0203
0.0218
0.0186
0.0139
0.0110
0.0067
0.0043
0.0007
-0.0035
-0.0076
-0.0083
-0.0085
-0.0075
-0.0028
0.0018
0.0033
0.0015
-0.0002
-0.0011
-0.0006
-0.0057
-0.0073
-0.0060
-0.0019
0.0018
0.0020
0.0024
-0.0004
-0.0029
-0.0046
-0.0049
-0.0072
-0.0081
-0.0071
-0.0114
-0.0122
-0.0072
-0.0035
-0.0005
0.0023
0.0055
0.0095
0.0112
0.0101
0.0056
0.0008
-0.0040
-0.0087
-0.0128
-0.0162
-0.0186
-0.0196
-0.0192
-0.0168
-0.0124
-0.0056
0.0000
-0.0000
0.0000
0.0000
0.0000
0.0000
0.0000
-0.0000
0.0000
0.0000
-0.0000
0.0000
-0.0000
-0.0000
0.0000
0.0056
0.0096
0.0120
0.0131
0.0131
0.0120
0.0102
0.0077
0.0048
0.0016
-0.0016
-0.0048
-0.0077
-0.0102
-0.0120
-0.0131
-0.0131
-0.0120
-0.0096
-0.0056
-0.0000
-0.0000
-0.0000
-0.0000
0.0000
0.0000
0.0000
0.0000
0.0000
-0.0000
-0.0000
0.0000
-0.0000
0.0000
0.0000
0.0000
0.0000
0.0000
0.0000
-0.0000
-0.0000
0.0000
-0.0000
0.0000
0.0000
-0.0000
0.0000
0.0000
0.0000
-0.0000
-0.0000
-0.0000
-0.0000
0.0028
0.0048
0.0060
0.0066
0.0065
0.0060
0.0051
0.0039
0.0024
0.0008
0.0020
0.0052
0.0070
0.0075
0.0127
0.0184
0.0242
0.0269
0.0271
0.0255
0.0227
0.0156
0.0075
-0.0011
-0.0095
-0.0117
-0.0145
-0.0170
-0.0187
-0.0187
-0.0137
-0.0101
-0.0084
-0.0051
0.0005
0.0016
0.0003
-0.0039
-0.0078
-0.0112
-0.0111
-0.0079
-0.0051
0.0007
0.0091
0.0197
0.0276
0.0317
0.0326
0.0312
0.0309
0.0250
0.0170
0.0077
-0.0022
-0.0120
-0.0210
-0.0285
-0.0281
-0.0265
-0.0199
-0.0149
-0.0115
-0.0062
-0.0017
0.0016
0.0033
0.0023
0.0008
-0.0008
-0.0020
-0.0061
-0.0099
-0.0131
-0.0153
