3097.9309
3098.8352
3106.9741
3114.5442
3119.8411
3121.6304
3117.1892
3110.9304
3103.5266
3106.5305
3111.0796
3132.5222
3146.5486
3140.0393
3120.7036
3088.9805
3034.9373
3062.8096
3069.2051
3086.1643
3121.9043
3138.4355
3191.0867
3118.2756
3009.9836
2881.0327
2764.1118
2687.0881
2624.7095
2620.7439
2555.5759
2482.7581
2296.0027
2138.6274
2048.5776
2044.8773
2157.1768
2441.2756
2472.8462
2612.4851
2776.7585
2815.5649
2919.4558
2941.2966
2933.1252
2952.1875
3017.5913
3095.7544
3168.2485
3268.1714
3280.8193
3303.4377
3338.6733
3389.4268
3403.0022
3396.4944
3381.9170
3377.2341
3369.9019
3360.5652
3349.9636
3338.9346
3328.4167
3319.4534
3313.1963
3310.9089
3313.9712
3323.8813
3317.7598
3314.0020
3313.3823
3316.7373
3324.9685
3339.0439
3360.0000
3360.0000
3360.0000
3360.0000
3360.0000
3360.0000
3360.0000
3360.0000
3360.0000
3360.0000
3360.0000
3360.0000
3360.0000
3360.0000
3360.0000
3360.0000
3360.0000
3360.0000
3360.0000
3360.0000
3360.0000
3360.0000
3390.8779
3413.2363
3427.6001
3434.5630
3434.7878
3429.0095
3418.0356
3402.7495
3384.1106
3363.1575
3341.0090
3318.8665
3298.0146
3279.8242
3265.7539
3257.3511
3256.2549
3264.1968
3283.0034
3314.5974
3361.0000
3361.0000
3361.0000
3361.0000
3407.6929
3441.2896
3462.7112
3472.9644
3473.1418
3464.4260
3448.0889
3425.4946
3398.1018
3367.4646
3335.2344
3303.1624
3273.1006
3247.0042
3226.9324
3215.0515
3213.6357
3225.0698
3251.8494
3296.5845
3362.0000
3362.0000
3362.0000
3362.0000
3362.0000
3428.6250
3611.3408
3806.6606
3931.2791
3991.4753
3993.9502
3945.8325
3854.6877
3728.5237
3575.7983
3405.4270
3226.7891
3049.7356
2962.9810
2876.6179
2883.9912
2976.8430
3066.8767
3172.7800
3314.1086
3681.5232
3957.3008
4009.2676
3909.4065
3760.7849
3666.4836
3524.2764
3442.6182
3320.1406
3176.8613
3033.7087
3008.7783
3001.0486
3036.5027
3202.6648
3369.7559
3425.9963
3359.2917
3297.9773
3265.9336
3288.0193
3092.8374
3025.7129
3075.0339
3232.1575
3380.1833
3391.6187
3406.9592
3292.9624
3189.5376
3119.7019
3107.3599
3011.7854
2976.0337
3021.4897
2829.7141
2789.2532
3003.7786
3167.0129
3302.1106
3433.1333
3585.0603
3783.8000
3872.8572
3825.1631
3608.4001
3373.1526
3132.2803
2899.1162
2687.4744
2511.6531
2386.4419
2327.1255
2349.4905
2469.8296
2704.9478
3072.1672
3382.0000
3382.0000
3382.0000
3382.0000
3382.0000
3382.0000
3382.0000
3382.0000
3382.0000
3382.0000
3382.0000
3382.0000
3382.0000
3382.0000
3382.0000
3722.7307
3964.7039
4116.5630
4187.2896
4186.2041
4122.9722
4007.6074
3850.4739
3662.2910
3454.1367
3237.4502
3024.0369
2826.0710
2656.0996
2527.0461
2452.2131
2445.2871
2520.3418
2691.8406
2974.6414
3384.0000
3384.0000
3384.0000
3384.0000
3384.0000
3384.0000
3384.0000
3384.0000
3384.0000
3384.0000
3384.0000
3384.0000
3384.0000
3384.0000
3384.0000
3384.0000
3384.0000
3384.0000
3384.0000
3384.0000
3384.0000
3384.0000
3384.0000
3384.0000
3384.0000
3384.0000
3384.0000
3384.0000
3384.0000
3384.0000
3384.0000
3384.0000
3384.0000
3635.8254
3814.2053
3925.8049
3977.4963
3976.3596
3929.6843
3844.9722
3729.9382
3592.5125
3440.8420
3552.2673
3858.6001
4026.0564
4078.2615
4591.4790
5155.2319
5730.5171
6005.0220
6036.4150
5883.9243
5608.3472
4877.7656
4038.2288
3143.9487
2250.5151
2006.4165
1705.6177
1423.7932
1238.4856
1229.1196
1781.9814
2167.1321
2356.3118
2734.7637
3375.8513
3496.3716
3355.8164
2882.9109
2431.3228
2032.4016
2042.0370
2400.2017
2728.1711
3407.6465
4397.4473
5665.9946
6611.9321
7108.2764
7233.9370
7069.7725
7041.8193
6320.4048
5338.8862
4182.2646
2937.5398
1693.7236
541.8548
-424.9869
-393.3731
-194.8651
652.6203
1303.2253
1747.2201
2466.1260
3065.2864
3512.3157
3762.1533
3619.9541
3411.8545
3197.7910
3039.0161
2472.6416
1939.3175
1489.5039
1174.7332
