-1.2145
-1.3408
-3.1906
-4.5396
-5.2472
-5.2885
-4.4536
-3.5193
-2.5833
-3.0521
-3.6556
-6.0267
-7.3975
-6.7343
-4.9079
-2.1043
2.2798
-0.1758
-0.7324
-1.9072
-4.4377
-5.3600
-8.3996
-4.0075
2.4037
9.8554
16.4192
20.7028
24.1516
24.4901
27.7847
31.3510
39.9458
46.8393
50.5530
50.4662
45.5672
33.8173
32.4288
26.8405
20.4491
18.9217
15.0227
14.1770
14.4012
13.6533
11.3233
8.5904
6.1124
2.8033
2.3727
1.6391
0.5328
-1.0198
-1.4374
-1.2421
-0.8094
-0.6665
-0.4480
-0.1757
0.1273
0.4362
0.7252
0.9667
1.1318
1.1902
1.1103
0.8587
1.0093
1.0980
1.1081
1.0220
0.8214
0.4873
0.0000
-0.0000
-0.0000
0.0000
-0.0000
0.0000
-0.0000
-0.0000
0.0000
-0.0000
-0.0000
0.0000
0.0000
0.0000
-0.0000
-0.0000
0.0000
0.0000
-0.0000
-0.0000
0.0000
-0.0000
-0.5912
-1.0120
-1.2769
-1.4008
-1.3995
-1.2896
-1.0882
-0.8133
-0.4835
-0.1182
0.2627
0.6382
0.9870
1.2869
1.5148
1.6472
1.6598
1.5275
1.2246
0.7244
-0.0000
-0.0000
-0.0000
-0.0000
-0.7267
-1.2424
-1.5657
-1.7160
-1.7133
-1.5785
-1.3329
-0.9988
-0.5991
-0.1574
0.3019
0.7538
1.1725
1.5315
1.8037
1.9611
1.9751
1.8164
1.4549
0.8600
0.0000
-0.0000
0.0000
-0.0000
0.0000
-0.8679
-3.2294
-5.7298
-7.3033
-8.0460
-8.0567
-7.4369
-6.2912
-4.7269
-2.8542
-0.7861
1.3614
3.4696
4.4756
5.4715
5.3522
4.2345
3.1713
1.9469
0.3404
-3.8357
-6.9309
-7.4929
-6.3574
-4.6860
-3.6402
-2.0714
-1.1871
0.1407
1.6881
3.2266
3.4795
3.5570
3.1867
1.4139
-0.3384
-0.9197
-0.2240
0.4180
0.7620
0.5589
2.5455
3.2113
2.6943
1.1000
-0.3776
-0.4913
-0.6333
0.4897
1.5062
2.1943
2.3278
3.2542
3.6054
3.1860
4.9983
5.3563
3.2948
1.7399
0.4691
-0.7444
-2.1317
-3.9282
-4.7125
-4.2538
-2.2775
-0.1486
2.0156
4.0955
5.9693
7.5133
8.6015
9.1057
8.8957
7.8392
5.8015
2.6460
-0.0000
0.0000
-0.0000
-0.0000
-0.0000
-0.0000
-0.0000
0.0000
-0.0000
-0.0000
0.0000
-0.0000
0.0000
0.0000
-0.0000
-2.7747
-4.7310
-5.9479
-6.5058
-6.4865
-5.9733
-5.0510
-3.8056
-2.3247
-0.6973
0.9863
2.6341
4.1530
5.4483
6.4238
6.9820
7.0239
6.4492
5.1561
3.0412
0.0000
0.0000
0.0000
0.0000
-0.0000
-0.0000
-0.0000
-0.0000
-0.0000
0.0000
0.0000
-0.0000
0.0000
-0.0000
-0.0000
-0.0000
-0.0000
-0.0000
-0.0000
0.0000
0.0000
-0.0000
0.0000
-0.0000
-0.0000
0.0000
-0.0000
-0.0000
-0.0000
0.0000
0.0000
0.0000
0.0000
-1.6866
-2.8743
-3.6118
-3.9491
-3.9363
-3.6246
-3.0658
-2.3123
-1.4175
-0.4353
-1.1633
-3.1467
-4.2260
-4.5603
-7.8422
-11.4296
-15.0724
-16.7911
-16.9654
-15.9801
-14.2247
-9.6587
-4.4385
1.0953
6.5976
8.0635
9.8777
11.5754
12.6863
12.7343
9.3816
7.0570
5.9198
3.6648
-0.1359
-0.8342
0.0136
2.8143
5.4765
7.8171
7.7382
5.6134
3.6836
-0.2855
-6.0361
-13.3688
-18.8436
-21.6922
-22.3894
-21.4159
-21.2267
-17.1004
-11.5132
-4.9577
2.0676
9.0587
15.5058
20.8933
20.6720
19.5374
14.8131
11.2028
8.7497
4.8109
1.5474
-0.8707
-2.2060
-1.4367
-0.3079
0.8535
1.7171
4.7599
7.6144
10.0121
11.6819
