3119.1594
3122.2827
3137.9685
3150.3608
3159.3594
3165.385
3168.2227
3171.5144
3175.5806
3186.2722
3198.0076
3216.9338
3232.5669
3242.6526
3249.0029
3252.2798
3252.0286
3270.8887
3284.1699
3297.9429
3316.5894
3330.2166
3346.4827
3355.4993
3359.7969
3360.3879
3360.3774
3361.021
3360.7307
3363.6677
3363.2136
3361.364
3355.4902
3350.9834
3347.8918
3346.4856
3347.2646
3351.8706
3351.1128
3352.6001
3354.6587
3354.406
3355.4089
3355.0361
3354.2031
3353.8752
3354.3608
3355.4241
3356.427
3357.8467
3358.0632
3358.3999
3358.8948
3359.585
3360.1067
3360.3174
3360.3669
3360.4707
3360.5007
3360.4722
3360.3999
3360.2993
3360.1851
3360.0723
3359.9758
3359.9114
3359.8933
3359.9368
3359.8496
3359.782
3359.7415
3359.7354
3359.7715
3359.8572
3360
3360
3360
3360
3360
3360
3360
3360
3360
3360
3360
3360
3360
3360
3360
3360
3360
3360
3360
3360
3360
3360
3360.4285
3360.7715
3361.0361
3361.23
3361.3608
3361.436
3361.4631
3361.4497
3361.4031
3361.3308
3361.2407
3361.1399
3361.0361
3360.9368
3360.8496
3360.782
3360.7415
3360.7354
3360.7715
3360.8572
3361
3361
3361
3361
3361.4285
3361.7715
3362.0361
3362.23
3362.3608
3362.436
3362.4631
3362.4497
3362.4031
3362.3308
3362.2407
3362.1399
3362.0361
3361.9368
3361.8496
3361.782
3361.7415
3361.7354
3361.7715
3361.8572
3362
3362
3362
3362
3362
3362.4285
3363.6287
3365.0076
3366.0737
3366.8572
3367.3879
3367.6963
3367.812
3367.7654
3367.5864
3367.3052
3366.9519
3366.5564
3366.5774
3366.5308
3366.8828
3367.585
3368.1685
3368.6858
3369.1895
3370.5894
3371.7021
3372.3157
3372.5535
3372.5955
3372.9082
3373.0151
3373.3894
3373.5625
3373.5864
3373.5144
3373.8271
3374.0632
3374.2827
3375.1956
3375.9685
3376.4617
3376.6707
3376.791
3376.8752
3376.9758
3376.7307
3376.8918
3377.4106
3378.2466
3378.9382
3379.3384
3379.6421
3379.6948
3379.6843
3379.6555
3379.6541
3379.5173
3379.4255
3379.4165
3379.1128
3379.2512
3380.197
3380.9519
3381.5608
3382.0691
3382.5217
3382.9639
3383.2332
3383.3022
3383.137
3382.9023
3382.6211
3382.3157
3382.009
3381.7234
3381.4812
3381.3052
3381.218
3381.2422
3381.3999
3381.7144
3382
3382
3382
3382
3382
3382
3382
3382
3382
3382
3382
3382
3382
3382
3382
3382.8572
3383.543
3384.0723
3384.4602
3384.7219
3384.8721
3384.9263
3384.8992
3384.8059
3384.6616
3384.4812
3384.2798
3384.0723
3383.8738
3383.6992
3383.564
3383.4827
3383.4707
3383.543
3383.7144
3384
3384
3384
3384
3384
3384
3384
3384
3384
3384
3384
3384
3384
3384
3384
3384
3384
3384
3384
3384
3384
3384
3384
3384
3384
3384
3384
3384
3384
3384
3384
3384
3384
3384.4285
3384.7715
3385.0361
3385.23
3385.3608
3385.436
3385.4631
3385.4497
3385.4031
3385.3308
3385.6692
3386.3398
3386.8435
3387.2031
3388.2979
3389.5503
3390.9128
3391.9158
3392.6121
3393.0542
3393.2947
3393.179
3392.8948
3392.4873
3392.0015
3392.3398
3392.5188
3392.5984
3392.6392
3392.7007
3393.2722
3393.6917
3393.9548
3394.2571
3394.6511
3394.7744
3394.7429
3394.5217
3394.2766
3394.03
3394.2332
3394.8225
3395.3142
3396.1743
3397.355
3398.8149
3400.5354
3401.8181
3402.7234
3403.3113
3404.0706
3404.3398
3404.3218
3404.0767
3403.6646
3403.1458
3402.5806
3402.0286
3402.4075
3402.7488
3403.5564
3404.1833
3404.6406
3405.1384
3405.5369
3405.8315
3406.0105
3406.2751
3406.427
3406.5037
3406.543
3406.3745
3406.1714
3405.9639
3405.782
